<?xml version="1.0"?>
<opencv_storage>
<Camera0Transform_0-0>9.9980705976486206e-01</Camera0Transform_0-0>
<Camera0Transform_0-1>1.6976367682218552e-02</Camera0Transform_0-1>
<Camera0Transform_0-2>9.8804738372564316e-03</Camera0Transform_0-2>
<Camera0Transform_0-3>0.</Camera0Transform_0-3>
<Camera0Transform_1-0>-1.6693770885467529e-02</Camera0Transform_1-0>
<Camera0Transform_1-1>9.9946814775466919e-01</Camera0Transform_1-1>
<Camera0Transform_1-2>-2.8013540431857109e-02</Camera0Transform_1-2>
<Camera0Transform_1-3>0.</Camera0Transform_1-3>
<Camera0Transform_2-0>-1.0350787080824375e-02</Camera0Transform_2-0>
<Camera0Transform_2-1>2.7843194082379341e-02</Camera0Transform_2-1>
<Camera0Transform_2-2>9.9955868721008301e-01</Camera0Transform_2-2>
<Camera0Transform_2-3>0.</Camera0Transform_2-3>
<Camera0Transform_3-0>2.5488821029663086e+01</Camera0Transform_3-0>
<Camera0Transform_3-1>2.7476251125335693e-01</Camera0Transform_3-1>
<Camera0Transform_3-2>2.0582642555236816e+00</Camera0Transform_3-2>
<Camera0Transform_3-3>1.</Camera0Transform_3-3>
<Camera1Transform_0-0>9.9980705976486206e-01</Camera1Transform_0-0>
<Camera1Transform_0-1>-1.6693774610757828e-02</Camera1Transform_0-1>
<Camera1Transform_0-2>-1.0350774973630905e-02</Camera1Transform_0-2>
<Camera1Transform_0-3>0.</Camera1Transform_0-3>
<Camera1Transform_1-0>1.6976369544863701e-02</Camera1Transform_1-0>
<Camera1Transform_1-1>9.9946814775466919e-01</Camera1Transform_1-1>
<Camera1Transform_1-2>2.7843192219734192e-02</Camera1Transform_1-2>
<Camera1Transform_1-3>0.</Camera1Transform_1-3>
<Camera1Transform_2-0>9.8804617300629616e-03</Camera1Transform_2-0>
<Camera1Transform_2-1>-2.8013538569211960e-02</Camera1Transform_2-1>
<Camera1Transform_2-2>9.9955868721008301e-01</Camera1Transform_2-2>
<Camera1Transform_2-3>0.</Camera1Transform_2-3>
<Camera1Transform_3-0>-2.5508903503417969e+01</Camera1Transform_3-0>
<Camera1Transform_3-1>2.0854744315147400e-01</Camera1Transform_3-1>
<Camera1Transform_3-2>-1.8011765480041504e+00</Camera1Transform_3-2>
<Camera1Transform_3-3>1.</Camera1Transform_3-3>
</opencv_storage>
