%YAML:1.0
cameraMatrix: !!opencv-matrix
   rows: 3
   cols: 3
   dt: d
   data: [ 4.8405221310968943e+02, 0., 3.1634485067566266e+02, 0.,
       4.8727911815143477e+02, 1.8194914418291114e+02, 0., 0., 1. ]
imageSize_width: 640
imageSize_height: 360
sensorSize_width: 0
sensorSize_height: 0
distCoeffs: !!opencv-matrix
   rows: 5
   cols: 1
   dt: d
   data: [ 6.7135652161461251e-02, -2.2771199152604094e-01,
       -8.1719428362899988e-03, 6.9493849560725313e-04,
       1.9402063470588959e-01 ]
reprojectionError: 2.6406210660934448e-01
