%YAML:1.0
cameraMatrix: !!opencv-matrix
   rows: 3
   cols: 3
   dt: d
   data: [ 4.8451637446399872e+002, 0., 3.2060206643656568e+002, 0.,
       4.8837119331229246e+002, 1.9168711154739620e+002, 0., 0., 1. ]
imageSize_width: 640
imageSize_height: 360
sensorSize_width: 0
sensorSize_height: 0
distCoeffs: !!opencv-matrix
   rows: 5
   cols: 1
   dt: d
   data: [ 4.9005113074949026e-003, 3.8339364832247091e-002,
       7.2636252491041489e-003, 2.0472658382189477e-003,
       -2.3664880182427245e-001 ]
reprojectionError: 1.5473772585391998e-001
features:
   - { points:[ 5.5574871826171875e+002, 1.5864497375488281e+002,
       5.2249279785156250e+002, 1.5956503295898437e+002,
       4.9018969726562500e+002, 1.6050032043457031e+002,
       4.5914447021484375e+002, 1.6144706726074219e+002,
       4.2917343139648438e+002, 1.6238369750976562e+002,
       5.5637725830078125e+002, 1.2748799896240234e+002,
       5.2255889892578125e+002, 1.2883639526367188e+002,
       4.8966580200195312e+002, 1.3050694274902344e+002,
       4.5835253906250000e+002, 1.3176699829101562e+002,
       4.2795220947265625e+002, 1.3346838378906250e+002,
       5.5658258056640625e+002, 9.5505065917968750e+001,
       5.2252606201171875e+002, 9.7617134094238281e+001,
       4.8935336303710937e+002, 9.9683868408203125e+001,
       4.5749386596679687e+002, 1.0166855621337891e+002,
       4.2672164916992187e+002, 1.0369162750244141e+002,
       5.5686322021484375e+002, 6.2780212402343750e+001,
       5.2246612548828125e+002, 6.5484710693359375e+001,
       4.8876473999023437e+002, 6.8287811279296875e+001,
       4.5662719726562500e+002, 7.0767105102539063e+001,
       4.2555618286132813e+002, 7.3472961425781250e+001 ] }
   - { points:[ 5.4683093261718750e+002, 2.0765904235839844e+002,
       5.1464172363281250e+002, 2.1719352722167969e+002,
       4.8236853027343750e+002, 2.2714186096191406e+002,
       4.4976998901367187e+002, 2.3720230102539062e+002,
       4.1714675903320312e+002, 2.4771328735351562e+002,
       5.4556188964843750e+002, 1.7639163208007813e+002,
       5.1300744628906250e+002, 1.8630099487304688e+002,
       4.7937619018554687e+002, 1.9614962768554688e+002,
       4.4558074951171875e+002, 2.0612934875488281e+002,
       4.1189846801757812e+002, 2.1674693298339844e+002,
       5.4417510986328125e+002, 1.4330538940429687e+002,
       5.1069464111328125e+002, 1.5330007934570312e+002,
       4.7594647216796875e+002, 1.6324058532714844e+002,
       4.4128408813476562e+002, 1.7333583068847656e+002,
       4.0641281127929687e+002, 1.8410314941406250e+002,
       5.4261914062500000e+002, 1.0824767303466797e+002,
       5.0835910034179687e+002, 1.1830824279785156e+002,
       4.7240829467773438e+002, 1.2825080871582031e+002,
       4.3669717407226562e+002, 1.3847805786132812e+002,
       4.0049261474609375e+002, 1.4913322448730469e+002 ] }
   - { points:[ 5.5227874755859375e+002, 2.1389784240722656e+002,
       5.1771569824218750e+002, 2.1939326477050781e+002,
       4.8444454956054687e+002, 2.2452268981933594e+002,
       4.5250463867187500e+002, 2.2952674865722656e+002,
       4.2178408813476562e+002, 2.3453016662597656e+002,
       5.4585394287109375e+002, 1.8162612915039062e+002,
       5.1149493408203125e+002, 1.8773515319824219e+002,
       4.7813192749023437e+002, 1.9356214904785156e+002,
       4.4632125854492187e+002, 1.9919277954101562e+002,
       4.1562658691406250e+002, 2.0468145751953125e+002,
       5.3950531005859375e+002, 1.4939944458007812e+002,
       5.0513681030273438e+002, 1.5617851257324219e+002,
       4.7176983642578125e+002, 1.6263191223144531e+002,
       4.4008065795898437e+002, 1.6879173278808594e+002,
       4.0943560791015625e+002, 1.7479948425292969e+002,
       5.3295336914062500e+002, 1.1698291015625000e+002,
       4.9865484619140625e+002, 1.2441540527343750e+002,
       4.6547729492187500e+002, 1.3158190917968750e+002,
       4.3372634887695312e+002, 1.3838835144042969e+002,
       4.0339996337890625e+002, 1.4503999328613281e+002 ] }
   - { points:[ 5.1982781982421875e+002, 2.6019976806640625e+002,
       4.8447506713867187e+002, 2.6840704345703125e+002,
       4.4972830200195312e+002, 2.7618139648437500e+002,
       4.1614172363281250e+002, 2.8396160888671875e+002,
       3.8343478393554687e+002, 2.9187124633789062e+002,
       5.1232977294921875e+002, 2.2751016235351562e+002,
       4.7660049438476562e+002, 2.3642382812500000e+002,
       4.4130889892578125e+002, 2.4462438964843750e+002,
       4.0734643554687500e+002, 2.5269984436035156e+002,
       3.7432888793945312e+002, 2.6129684448242187e+002,
       5.0442575073242187e+002, 1.9418328857421875e+002,
       4.6829721069335937e+002, 2.0343536376953125e+002,
       4.3262420654296875e+002, 2.1232128906250000e+002,
       3.9832745361328125e+002, 2.2095260620117187e+002,
       3.6478540039062500e+002, 2.2987016296386719e+002,
       4.9639056396484375e+002, 1.5967790222167969e+002,
       4.5975506591796875e+002, 1.6956777954101562e+002,
       4.2372827148437500e+002, 1.7913969421386719e+002,
       3.8912756347656250e+002, 1.8831327819824219e+002,
       3.5526669311523438e+002, 1.9744337463378906e+002 ] }
   - { points:[ 4.5434704589843750e+002, 2.3745140075683594e+002,
       4.2081219482421875e+002, 2.3777738952636719e+002,
       3.8736611938476562e+002, 2.3853137207031250e+002,
       3.5434121704101562e+002, 2.3916212463378906e+002,
       3.2133233642578125e+002, 2.4041836547851563e+002,
       4.5662036132812500e+002, 2.0628454589843750e+002,
       4.2244024658203125e+002, 2.0700839233398438e+002,
       3.8792108154296875e+002, 2.0762052917480469e+002,
       3.5406399536132812e+002, 2.0805270385742187e+002,
       3.2035940551757812e+002, 2.0945994567871094e+002,
       4.5890203857421875e+002, 1.7359523010253906e+002,
       4.2382461547851562e+002, 1.7459591674804687e+002,
       3.8854574584960937e+002, 1.7512207031250000e+002,
       3.5377737426757812e+002, 1.7562962341308594e+002,
       3.1931747436523437e+002, 1.7683396911621094e+002,
       4.6136920166015625e+002, 1.3964881896972656e+002,
       4.2549948120117187e+002, 1.4059367370605469e+002,
       3.8941015625000000e+002, 1.4113957214355469e+002,
       3.5369500732421875e+002, 1.4183839416503906e+002,
       3.1834167480468750e+002, 1.4287846374511719e+002 ] }
   - { points:[ 5.4793634033203125e+002, 1.8633346557617187e+002,
       5.1541302490234375e+002, 1.8770799255371094e+002,
       4.8334530639648437e+002, 1.8897596740722656e+002,
       4.5243911743164062e+002, 1.9061534118652344e+002,
       4.2234793090820312e+002, 1.9175199890136719e+002,
       5.4774163818359375e+002, 1.5561772155761719e+002,
       5.1481671142578125e+002, 1.5761915588378906e+002,
       4.8239031982421875e+002, 1.5940542602539062e+002,
       4.5102670288085937e+002, 1.6111608886718750e+002,
       4.2060281372070312e+002, 1.6292979431152344e+002,
       5.4754473876953125e+002, 1.2435312652587891e+002,
       5.1427893066406250e+002, 1.2667301177978516e+002,
       4.8136987304687500e+002, 1.2892398071289062e+002,
       4.4959207153320312e+002, 1.3127183532714844e+002,
       4.1882794189453125e+002, 1.3345733642578125e+002,
       5.4735534667968750e+002, 9.2278488159179687e+001,
       5.1351269531250000e+002, 9.5044036865234375e+001,
       4.8034078979492187e+002, 9.7797714233398438e+001,
       4.4833587646484375e+002, 1.0047952270507812e+002,
       4.1720349121093750e+002, 1.0334347534179687e+002 ] }
   - { points:[ 5.7455255126953125e+002, 1.7765002441406250e+002,
       5.4222204589843750e+002, 1.7873031616210937e+002,
       5.1004989624023437e+002, 1.7975343322753906e+002,
       4.7891159057617187e+002, 1.8080781555175781e+002,
       4.4855612182617187e+002, 1.8190119934082031e+002,
       5.7452416992187500e+002, 1.4674223327636719e+002,
       5.4185296630859375e+002, 1.4840090942382812e+002,
       5.0948455810546875e+002, 1.4975410461425781e+002,
       4.7819787597656250e+002, 1.5123289489746094e+002,
