%YAML:1.0
cameraMatrix: !!opencv-matrix
   rows: 3
   cols: 3
   dt: d
   data: [ 4.7402137015515160e+002, 0., 3.2743636399554259e+002, 0.,
       4.7834589543929729e+002, 1.9134953622542591e+002, 0., 0., 1. ]
imageSize_width: 640
imageSize_height: 360
sensorSize_width: 0
sensorSize_height: 0
distCoeffs: !!opencv-matrix
   rows: 5
   cols: 1
   dt: d
   data: [ 3.4950549369115090e-002, -1.6444119796199128e-001,
       8.7176109990125435e-003, 6.3244268919205905e-003,
       1.6935817109650309e-001 ]
reprojectionError: 1.2279544025659561e-001
features:
   - { points:[ 4.3780670166015625e+002, 1.3473257446289062e+002,
       4.0632833862304687e+002, 1.3565319824218750e+002,
       3.7581890869140625e+002, 1.3636732482910156e+002,
       3.4679342651367187e+002, 1.3686215209960937e+002,
       3.1893283081054687e+002, 1.3773291015625000e+002,
       4.3744415283203125e+002, 1.0272943878173828e+002,
       4.0515502929687500e+002, 1.0423259735107422e+002,
       3.7426449584960937e+002, 1.0571461486816406e+002,
       3.4483575439453125e+002, 1.0678165435791016e+002,
       3.1654583740234375e+002, 1.0851780700683594e+002,
       4.3673590087890625e+002, 6.9616889953613281e+001,
       4.0400842285156250e+002, 7.1846694946289062e+001,
       3.7263308715820312e+002, 7.4067184448242188e+001,
       3.4279754638671875e+002, 7.6209785461425781e+001,
       3.1406301879882812e+002, 7.8143569946289063e+001,
       4.3629232788085937e+002, 3.5473033905029297e+001,
       4.0277847290039062e+002, 3.8427394866943359e+001,
       3.7099945068359375e+002, 4.1486671447753906e+001,
       3.4062133789062500e+002, 4.4337944030761719e+001,
       3.1147924804687500e+002, 4.6970176696777344e+001 ] }
   - { points:[ 4.1140240478515625e+002, 1.8434344482421875e+002,
       3.7761941528320312e+002, 1.9335980224609375e+002,
       3.4390075683593750e+002, 2.0274528503417969e+002,
       3.1034884643554687e+002, 2.1226560974121094e+002,
       2.7664263916015625e+002, 2.2224848937988281e+002,
       4.0623913574218750e+002, 1.5249305725097656e+002,
       3.7150192260742188e+002, 1.6224826049804687e+002,
       3.3648999023437500e+002, 1.7165338134765625e+002,
       3.0161883544921875e+002, 1.8128256225585937e+002,
       2.6678302001953125e+002, 1.9146432495117187e+002,
       4.0053634643554687e+002, 1.1864890289306641e+002,
       3.6476052856445312e+002, 1.2865264892578125e+002,
       3.2849005126953125e+002, 1.3848669433593750e+002,
       2.9248065185546875e+002, 1.4835792541503906e+002,
       2.5630868530273437e+002, 1.5866223144531250e+002,
       3.9463250732421875e+002, 8.2484771728515625e+001,
       3.5757916259765625e+002, 9.2731681823730469e+001,
       3.1991934204101562e+002, 1.0278848266601562e+002,
       2.8266671752929687e+002, 1.1312051391601562e+002,
       2.4509684753417969e+002, 1.2348291778564453e+002 ] }
   - { points:[ 4.2510028076171875e+002, 1.9096420288085937e+002,
       3.9277972412109375e+002, 1.9587969970703125e+002,
       3.6224389648437500e+002, 2.0057778930664062e+002,
       3.3290216064453125e+002, 2.0520223999023437e+002,
       3.0482205200195312e+002, 2.0958282470703125e+002,
       4.1917080688476562e+002, 1.5828228759765625e+002,
       3.8672396850585937e+002, 1.6413392639160156e+002,
       3.5610891723632812e+002, 1.6953364562988281e+002,
       3.2701641845703125e+002, 1.7474720764160156e+002,
       2.9889050292968750e+002, 1.8007929992675781e+002,
       4.1315554809570312e+002, 1.2533049774169922e+002,
       3.8070864868164062e+002, 1.3189237976074219e+002,
       3.5013885498046875e+002, 1.3834757995605469e+002,
       3.2087866210937500e+002, 1.4435652160644531e+002,
       2.9275988769531250e+002, 1.5005712890625000e+002,
       4.0701898193359375e+002, 9.1945564270019531e+001,
       3.7458987426757812e+002, 9.9471343994140625e+001,
       3.4388204956054687e+002, 1.0665480804443359e+002,
       3.1468826293945312e+002, 1.1339652252197266e+002,
       2.8675946044921875e+002, 1.2000319671630859e+002 ] }
   - { points:[ 3.8054675292968750e+002, 2.3633843994140625e+002,
       3.4693164062500000e+002, 2.4359336853027344e+002,
       3.1449572753906250e+002, 2.5056170654296875e+002,
       2.8310974121093750e+002, 2.5756616210937500e+002,
       2.5251969909667969e+002, 2.6470187377929687e+002,
       3.7133694458007812e+002, 2.0357743835449219e+002,
       3.3729019165039063e+002, 2.1174122619628906e+002,
       3.0438195800781250e+002, 2.1941088867187500e+002,
       2.7267346191406250e+002, 2.2678019714355469e+002,
       2.4174537658691406e+002, 2.3461007690429687e+002,
       3.6167489624023437e+002, 1.7000175476074219e+002,
       3.2730041503906250e+002, 1.7878747558593750e+002,
       2.9398452758789062e+002, 1.8724876403808594e+002,
       2.6199179077148437e+002, 1.9534643554687500e+002,
       2.3063616943359375e+002, 2.0363070678710937e+002,
       3.5181338500976562e+002, 1.3514947509765625e+002,
       3.1686422729492187e+002, 1.4472117614746094e+002,
       2.8327166748046875e+002, 1.5383836364746094e+002,
       2.5070867919921875e+002, 1.6273635864257812e+002,
       2.1928576660156250e+002, 1.7145437622070312e+002 ] }
   - { points:[ 3.2325247192382812e+002, 2.1267945861816406e+002,
       2.9026043701171875e+002, 2.1273397827148437e+002,
       2.5748635864257812e+002, 2.1266159057617187e+002,
       2.2515432739257812e+002, 2.1287696838378906e+002,
       1.9292045593261719e+002, 2.1361602783203125e+002,
       3.2235821533203125e+002, 1.8171965026855469e+002,
       2.8828771972656250e+002, 1.8230017089843750e+002,
       2.5469082641601563e+002, 1.8218469238281250e+002,
       2.2153994750976562e+002, 1.8236303710937500e+002,
       1.8842424011230469e+002, 1.8292546081542969e+002,
       3.2136907958984375e+002, 1.4927032470703125e+002,
       2.8646020507812500e+002, 1.4969514465332031e+002,
       2.5181280517578125e+002, 1.4974087524414062e+002,
       2.1770867919921875e+002, 1.5019812011718750e+002,
       1.8363580322265625e+002, 1.5088473510742187e+002,
       3.2039654541015625e+002, 1.1474869537353516e+002,
       2.8440679931640625e+002, 1.1541513824462891e+002,
       2.4878140258789062e+002, 1.1572212219238281e+002,
       2.1369496154785156e+002, 1.1636019897460937e+002,
       1.7874977111816406e+002, 1.1685515594482422e+002 ] }
   - { points:[ 4.3027420043945312e+002, 1.6279710388183594e+002,
       3.9865713500976562e+002, 1.6410479736328125e+002,
       3.6835162353515625e+002, 1.6501411437988281e+002,
       3.3899133300781250e+002, 1.6644717407226562e+002,
       3.1065057373046875e+002, 1.6751188659667969e+002,
       4.2915411376953125e+002, 1.3166580200195312e+002,
       3.9708615112304687e+002, 1.3362474060058594e+002,
       3.6616818237304687e+002, 1.3515498352050781e+002,
       3.3648474121093750e+002, 1.3667124938964844e+002,
       3.0771859741210937e+002, 1.3841979980468750e+002,
       4.2780691528320313e+002, 9.9515472412109375e+001,
       3.9538983154296875e+002, 1.0183492279052734e+002,
       3.6399755859375000e+002, 1.0408724212646484e+002,
       3.3381863403320312e+002, 1.0633145141601562e+002,
       3.0463665771484375e+002, 1.0842401123046875e+002,
       4.2657223510742187e+002, 6.6343750000000000e+001,
       3.9354711914062500e+002, 6.9337585449218750e+001,
       3.6170361328125000e+002, 7.2231460571289063e+001,
       3.3116851806640625e+002, 7.4765914916992188e+001,
       3.0152926635742187e+002, 7.7569747924804688e+001 ] }
   - { points:[ 4.5856268310546875e+002, 1.5446075439453125e+002,
       4.2663052368164062e+002, 1.5534288024902344e+002,
       3.9561700439453125e+002, 1.5600675964355469e+002,
       3.6568237304687500e+002, 1.5678765869140625e+002,
       3.3666537475585938e+002, 1.5767364501953125e+002,
       4.5849560546875000e+002, 1.2280726623535156e+002,
       4.2620718383789062e+002, 1.2418495941162109e+002,
       3.9471084594726562e+002, 1.2563465118408203e+002,
       3.6451519775390625e+002, 1.2675138092041016e+002,
