%YAML:1.0
cameraMatrix: !!opencv-matrix
   rows: 3
   cols: 3
   dt: d
   data: [ 7.8894300611390236e+02, 0., 3.1100306691719908e+02, 0.,
       5.4326330332070916e+02, 1.7645516215463735e+02, 0., 0., 1. ]
imageSize_width: 640
imageSize_height: 360
sensorSize_width: 0
sensorSize_height: 0
distCoeffs: !!opencv-matrix
   rows: 5
   cols: 1
   dt: d
   data: [ -1.4701425256630832e-01, 6.6789478161548266e-01,
       -9.0739658142015143e-05, -6.6594309382931325e-03,
       -2.1995344195814530e+00 ]
reprojectionError: 7.6713317632675171e-01
