%YAML:1.0
cameraMatrix: !!opencv-matrix
   rows: 3
   cols: 3
   dt: d
   data: [ 5.1570971064906178e+02, 0., 3.1810284396314563e+02, 0.,
       3.8762048961258898e+02, 1.7989340246327734e+02, 0., 0., 1. ]
imageSize_width: 640
imageSize_height: 360
sensorSize_width: 0
sensorSize_height: 0
distCoeffs: !!opencv-matrix
   rows: 5
   cols: 1
   dt: d
   data: [ 6.6101320443726866e-02, -2.2693452260761310e-01,
       -1.3271187010175981e-03, -5.0553955948494456e-03,
       2.1224925181811841e-01 ]
reprojectionError: 3.4355109930038452e-01
