<?xml version="1.0"?>
<opencv_storage>
<Camera0Transform_0-0>9.9947440624237061e-001</Camera0Transform_0-0>
<Camera0Transform_0-1>-1.4895306900143623e-002</Camera0Transform_0-1>
<Camera0Transform_0-2>2.8792565688490868e-002</Camera0Transform_0-2>
<Camera0Transform_0-3>0.</Camera0Transform_0-3>
<Camera0Transform_1-0>1.6284991055727005e-002</Camera0Transform_1-0>
<Camera0Transform_1-1>9.9868315458297729e-001</Camera0Transform_1-1>
<Camera0Transform_1-2>-4.8649337142705917e-002</Camera0Transform_1-2>
<Camera0Transform_1-3>0.</Camera0Transform_1-3>
<Camera0Transform_2-0>-2.8030004352331161e-002</Camera0Transform_2-0>
<Camera0Transform_2-1>4.9092654138803482e-002</Camera0Transform_2-1>
<Camera0Transform_2-2>9.9840080738067627e-001</Camera0Transform_2-2>
<Camera0Transform_2-3>0.</Camera0Transform_2-3>
<Camera0Transform_3-0>2.5676225662231445e+001</Camera0Transform_3-0>
<Camera0Transform_3-1>7.8085482120513916e-002</Camera0Transform_3-1>
<Camera0Transform_3-2>2.0383610725402832e+000</Camera0Transform_3-2>
<Camera0Transform_3-3>1.</Camera0Transform_3-3>
<Camera1Transform_0-0>9.9947440624237061e-001</Camera1Transform_0-0>
<Camera1Transform_0-1>1.6284989193081856e-002</Camera1Transform_0-1>
<Camera1Transform_0-2>-2.8030002489686012e-002</Camera1Transform_0-2>
<Camera1Transform_0-3>0.</Camera1Transform_0-3>
<Camera1Transform_1-0>-1.4895305968821049e-002</Camera1Transform_1-0>
<Camera1Transform_1-1>9.9868315458297729e-001</Camera1Transform_1-1>
<Camera1Transform_1-2>4.9092654138803482e-002</Camera1Transform_1-2>
<Camera1Transform_1-3>0.</Camera1Transform_1-3>
<Camera1Transform_2-0>2.8792565688490868e-002</Camera1Transform_2-0>
<Camera1Transform_2-1>-4.8649337142705917e-002</Camera1Transform_2-1>
<Camera1Transform_2-2>9.9840080738067627e-001</Camera1Transform_2-2>
<Camera1Transform_2-3>0.</Camera1Transform_2-3>
<Camera1Transform_3-0>-2.5720258712768555e+001</Camera1Transform_3-0>
<Camera1Transform_3-1>-3.9695480465888977e-001</Camera1Transform_3-1>
<Camera1Transform_3-2>-1.3192299604415894e+000</Camera1Transform_3-2>
<Camera1Transform_3-3>1.</Camera1Transform_3-3>
</opencv_storage>
