<?xml version="1.0"?>
<opencv_storage>
<Camera0Transform_0-0>9.9435627460479736e-01</Camera0Transform_0-0>
<Camera0Transform_0-1>-9.8701536655426025e-02</Camera0Transform_0-1>
<Camera0Transform_0-2>3.8905337452888489e-02</Camera0Transform_0-2>
<Camera0Transform_0-3>0.</Camera0Transform_0-3>
<Camera0Transform_1-0>9.2785440385341644e-02</Camera0Transform_1-0>
<Camera0Transform_1-1>9.8686927556991577e-01</Camera0Transform_1-1>
<Camera0Transform_1-2>1.3221147656440735e-01</Camera0Transform_1-2>
<Camera0Transform_1-3>0.</Camera0Transform_1-3>
<Camera0Transform_2-0>-5.1443956792354584e-02</Camera0Transform_2-0>
<Camera0Transform_2-1>-1.2785544991493225e-01</Camera0Transform_2-1>
<Camera0Transform_2-2>9.9045771360397339e-01</Camera0Transform_2-2>
<Camera0Transform_2-3>0.</Camera0Transform_2-3>
<Camera0Transform_3-0>-1.0933938026428223e+01</Camera0Transform_3-0>
<Camera0Transform_3-1>1.9622369766235352e+01</Camera0Transform_3-1>
<Camera0Transform_3-2>2.4111267089843750e+01</Camera0Transform_3-2>
<Camera0Transform_3-3>1.</Camera0Transform_3-3>
<Camera1Transform_0-0>9.9435627460479736e-01</Camera1Transform_0-0>
<Camera1Transform_0-1>9.2785328626632690e-02</Camera1Transform_0-1>
<Camera1Transform_0-2>-5.1444329321384430e-02</Camera1Transform_0-2>
<Camera1Transform_0-3>0.</Camera1Transform_0-3>
<Camera1Transform_1-0>-9.8701447248458862e-02</Camera1Transform_1-0>
<Camera1Transform_1-1>9.8686939477920532e-01</Camera1Transform_1-1>
<Camera1Transform_1-2>-1.2785460054874420e-01</Camera1Transform_1-2>
<Camera1Transform_1-3>0.</Camera1Transform_1-3>
<Camera1Transform_2-0>3.8905803114175797e-02</Camera1Transform_2-0>
<Camera1Transform_2-1>1.3221065700054169e-01</Camera1Transform_2-1>
<Camera1Transform_2-2>9.9045783281326294e-01</Camera1Transform_2-2>
<Camera1Transform_2-3>0.</Camera1Transform_2-3>
<Camera1Transform_3-0>1.1870868682861328e+01</Camera1Transform_3-0>
<Camera1Transform_3-1>-2.1537885665893555e+01</Camera1Transform_3-1>
<Camera1Transform_3-2>-2.1934877395629883e+01</Camera1Transform_3-2>
<Camera1Transform_3-3>1.</Camera1Transform_3-3>
</opencv_storage>
